0 0 0
0 0 255
0 0 510
0 0 1020
0 0 1275
0 0 1530
0 0 2040
0 0 2295
0 0 2550
0 0 3060
0 0 3315
0 0 3570
0 0 4080
0 0 4335
0 0 4590
0 0 5100
0 0 5355
0 0 5865
0 0 6120
0 0 6375
0 0 6885
0 0 7140
0 0 7395
0 0 7905
0 0 8160
0 0 8415
0 0 8925
0 0 9180
0 0 9435
0 0 9945
0 0 10200
0 0 10710
0 0 10965
0 0 11220
0 0 11730
0 0 11985
0 0 12240
0 0 12750
0 0 13005
0 0 13260
0 0 13770
0 0 14025
0 0 14280
0 0 14790
0 0 15045
0 0 15555
0 0 15810
0 0 16065
0 0 16575
0 0 16830
0 0 17085
0 0 17595
0 0 17850
0 0 18105
0 0 18615
0 0 18870
0 0 19125
0 0 19635
0 0 19890
0 0 20400
0 0 20655
0 0 20910
0 0 21420
0 0 21675
0 0 21930
0 0 22440
0 0 22695
0 0 22950
0 0 23460
0 0 23715
0 0 23970
0 0 24480
0 0 24735
0 0 25245
0 0 25500
0 0 25755
0 0 26265
0 0 26520
0 0 26775
0 0 27285
0 0 27540
0 0 27795
0 0 28305
0 0 28560
0 0 28815
0 0 29325
0 0 29580
0 0 30090
0 0 30345
0 0 30600
0 0 31110
0 0 31365
0 0 31620
0 0 32130
0 0 32385
0 0 32640
0 0 33150
0 510 33405
0 1020 33660
0 1275 34170
0 1785 34425
0 2295 34680
0 2550 35190
0 3060 35445
0 3315 35955
0 3825 36210
0 4335 36465
0 4590 36975
0 5100 37230
0 5355 37485
0 5865 37995
0 6375 38250
0 6630 38505
0 7140 39015
0 7395 39270
0 7905 39525
0 8415 40035
0 8670 40290
0 9180 40800
0 9435 41055
0 9945 41310
0 10455 41820
0 10710 42075
0 11220 42330
0 11475 42840
0 11985 43095
0 12495 43350
0 12750 43860
0 13260 44115
0 13515 44370
0 14025 44880
0 14535 45135
0 14790 45645
0 15300 45900
0 15555 46155
0 16065 46665
0 16575 46920
0 16830 47175
0 17340 47685
0 17595 47940
0 18105 48195
0 18615 48705
0 18870 48960
0 19380 49215
0 19635 49725
0 20145 49980
0 20655 50490
0 20910 50745
0 21420 51000
0 21675 51510
0 22185 51765
0 22695 52020
0 22950 52530
0 23460 52785
0 23970 53040
0 24225 53550
0 24735 53805
0 24990 54060
0 25500 54570
0 26010 54825
0 26265 55335
0 26775 55590
0 27030 55845
0 27540 56355
0 28050 56610
0 28305 56865
0 28815 57375
0 29070 57630
0 29580 57885
0 30090 58395
0 30345 58650
0 30855 58905
0 31110 59415
0 31620 59670
0 32130 60180
0 32385 60435
0 32895 60690
0 33150 61200
0 33660 61455
0 34170 61710
0 34425 62220
0 34935 62475
0 35190 62730
0 35700 63240
0 36210 63495
0 36465 63750
0 36975 64260
0 37230 64515
0 37740 65025
0 38250 65025
0 38505 65025
0 39015 65025
0 39270 65025
1275 39780 65025
2295 40290 65025
3315 40545 65025
4335 41055 65025
5355 41310 65025
6375 41820 65025
7395 42330 65025
8415 42585 65025
9435 43095 65025
10455 43350 65025
11475 43860 65025
12495 44370 65025
13515 44625 65025
14535 45135 65025
15555 45645 65025
16575 45900 65025
17595 46410 65025
18615 46665 65025
19635 47175 65025
20655 47685 65025
21675 47940 65025
22950 48450 65025
23970 48705 65025
24990 49215 65025
26010 49725 65025
27030 49980 65025
28050 50490 65025
29070 50745 65025
30090 51255 65025
31110 51765 65025
32130 52020 65025
33150 52530 65025
34170 52785 65025
35190 53295 65025
36210 53805 65025
37230 54060 65025
38250 54570 65025
39270 54825 65025
40290 55335 65025
41310 55845 65025
42330 56100 65025
43350 56610 65025
44625 56865 65025
45645 57375 65025
46665 57885 65025
47685 58140 65025
48705 58650 65025
49725 58905 65025
50745 59415 65025
51765 59925 65025
52785 60180 65025
53805 60690 65025
54825 60945 65025
55845 61455 65025
56865 61965 65025
57885 62220 65025
58905 62730 65025
59925 62985 65025
60945 63495 65025
61965 64005 65025
62985 64260 65025
64005 64770 65025
65025 65025 65025
